uid = [];

pathToPictures = {};

K = [3889.1722197798063 0 2441.0384090598363;
 0 3889.1722197798063 1635.6633809171954;
 0 0 1];

uid(1) = 33620459;

pathToPictures{1} = 'flash/C2292362.JPG';

R_complete(:,:,1) = [-0.71075386881586078 0.35977337815602117 0.60447667807243888;
-0.61593179110363139 -0.73337465029345383 -0.28773190823199812;
0.33978959176401924 -0.57682296996319338 0.74284473118659344];

C_complete(:,1) = [-1.0921671150366561;0.86643876608348558;0.40944176709610935];


uid(2) = 75906299;

pathToPictures{2} = 'flash/C2292379.JPG';

R_complete(:,:,2) = [-0.8252118677670045 -0.31481290728451761 -0.46895437592964373;
0.50651860150088335 -0.045081169892489226 -0.86104970498497568;
0.24992854904968595 -0.94808254995448271 0.19666010994028382];

C_complete(:,2) = [0.89006622277420355;1.6462066369151362;1.0228680507611048];


uid(3) = 94410126;

pathToPictures{3} = 'flash/C2292360.JPG';

R_complete(:,:,3) = [-0.75310408825017672 -0.6562483931297769 0.046607711544931041;
0.59864777878221864 -0.71293645272411288 -0.36516085679639099;
0.27286456204495602 -0.24710253113180405 0.92977700008564934];

C_complete(:,3) = [0.16770724436214896;0.79915661072287292;-0.044099713464159626];


uid(4) = 227011125;

pathToPictures{4} = 'flash/C2292361.JPG';

R_complete(:,:,4) = [-0.90024875785336311 -0.29583678436384281 0.31942568932497906;
0.11605297010841835 -0.87019065356381375 -0.47885272744257956;
0.41962350042924368 -0.3940162730997846 0.81772079245917706];

C_complete(:,4) = [-0.33124833811524101;0.96753723132894287;0.1680724823232837];


uid(5) = 249179663;

pathToPictures{5} = 'flash/C2292383.JPG';

R_complete(:,:,5) = [-0.11871880369446089 0.096767714092183599 0.98820132319215659;
-0.92625216085161322 0.34775869059090503 -0.14533006446092306;
-0.35771885632025746 -0.9325770223567984 0.048345808557251568];

C_complete(:,5) = [-1.5424480857669989;0.52236827375324912;1.4027934762375589];


uid(6) = 280553630;

pathToPictures{6} = 'flash/C2292374.JPG';

R_complete(:,:,6) = [0.46002963867419738 0.090010876582478638 0.88332936871709467;
-0.80417265932924797 0.46397667915340174 0.37152654708527427;
-0.37640279691922118 -0.8812625507183629 0.28582731005408202];

C_complete(:,6) = [-1.1179988208083098;-0.14427570823279678;1.0659036379064701];


uid(7) = 336588581;

pathToPictures{7} = 'flash/C2292385.JPG';

R_complete(:,:,7) = [0.89176178631995828 -0.32851189949899434 0.31119262257804226;
-0.042724208506632222 0.62351234430863134 0.78064524497510179;
-0.45048369389681464 -0.7094450566339281 0.54198907106210514];

C_complete(:,7) = [-0.3518167095098611;-0.76399504232728055;0.52683669172474057];


uid(8) = 387961622;

pathToPictures{8} = 'flash/C2292364.JPG';

R_complete(:,:,8) = [0.32947424415025262 0.55571319315082079 0.76330175513995657;
-0.94063294460315183 0.26305412247470755 0.21450452716962742;
-0.081586677643004757 -0.78866049451407172 0.60939169540123894];

C_complete(:,8) = [-1.4823801356562067;-0.027469948110097786;0.73667458510880324];


uid(9) = 496508371;

pathToPictures{9} = 'flash/C2292377.JPG';

R_complete(:,:,9) = [0.34399524882636623 -0.64962086599927138 -0.67798230009583815;
0.90199755401188131 0.42924395368858687 0.046368532199905554;
0.26089783698120184 -0.62748893112161508 0.73361431282274148];

C_complete(:,9) = [1.4611799218180306;0.208208795672637;0.27799075337509777];


uid(10) = 519455966;

pathToPictures{10} = 'flash/C2292388.JPG';

R_complete(:,:,10) = [0.99260900440541788 -0.040179297237516107 0.11451195765851016;
0.094720081943788045 0.8463894941721064 -0.52407340156856641;
-0.075864816943344487 0.53104655937929324 0.84393961947616103];

C_complete(:,10) = [0.34757909640776069;1.1250176317911322;0.19235655788769407];


uid(11) = 556751598;

pathToPictures{11} = 'flash/C2292363.JPG';

R_complete(:,:,11) = [0.091764354119366898 0.74205756613642215 0.66402550542335703;
-0.99577879164574656 0.067060100975778608 0.062670096263327757;
0.0019752016585174448 -0.66697339631862951 0.74507891339213206];

C_complete(:,11) = [-1.3112615580634672;0.22988391399289146;0.45223803409723595];


uid(12) = 717529248;

pathToPictures{12} = 'flash/C2292397.JPG';

R_complete(:,:,12) = [0.93444026900424515 -0.036884554655672613 0.35420462065185809;
0.078341728555649137 0.99154741199657248 -0.10342293425450794;
-0.34739596605341716 0.12439155675025529 0.92943143016527108];

C_complete(:,12) = [-1.0218431289963879;0.34578773746355868;0.25147726840153678];


uid(13) = 1004057588;

pathToPictures{13} = 'flash/C2292400.JPG';

R_complete(:,:,13) = [0.88685674322481811 -0.082475259656865529 0.45462396388796061;
0.17717467950758037 0.96942890247606084 -0.16975492919337085;
-0.42672502848796584 0.23109615874910769 0.87435708693493874];

C_complete(:,13) = [-1.5734490364812033;0.5295455131864294;0.25313627879228973];


uid(14) = 1021800142;

pathToPictures{14} = 'flash/C2292396.JPG';

R_complete(:,:,14) = [0.93962950195828676 -0.04867115662784248 0.33871450745743109;
0.20132375432400401 0.87902612914833889 -0.4321826121205895;
-0.27670407477034048 0.47428280886723684 0.83575754391958312];

C_complete(:,14) = [-1.0287063346326635;1.0117171929269504;0.2572005643694581];


uid(15) = 1035460469;

pathToPictures{15} = 'flash/C2292378.JPG';

R_complete(:,:,15) = [-0.20874321631235987 -0.5596943972222812 -0.80197783720097804;
0.95457082735350141 0.061706015316974894 -0.29152513311780354;
0.21265184036171236 -0.82639854149900849 0.52138723171850709];

C_complete(:,15) = [1.4949698805450109;1.1117527528678481;0.64373571444552946];


uid(16) = 1039828515;

pathToPictures{16} = 'flash/C2292393.JPG';

R_complete(:,:,16) = [0.99086417030948859 -0.056977831691206599 0.12223633949303817;
0.047129450289506866 0.99551725847279326 0.082001237784698394;
-0.12636063830282612 -0.075491156956177835 0.98910771623171567];

C_complete(:,16) = [-0.53031346299723192;-0.33466666775130033;-0.0891070037985741];


uid(17) = 1063631011;

pathToPictures{17} = 'flash/C2292376.JPG';

R_complete(:,:,17) = [0.82834458647862297 -0.46762919572977807 -0.30849340568751227;
0.55991008697235722 0.67277711275499408 0.48360278231174547;
-0.018599477362724853 -0.57331831634282793 0.8191215829091909];

C_complete(:,17) = [0.82660219997043849;-0.47513928210592027;0.093122090229168022];


uid(18) = 1077155189;

pathToPictures{18} = 'flash/C2292380.JPG';

R_complete(:,:,18) = [-0.99947410920728919 -0.032407657943858137 -0.0011174662812542795;
0.0049958818865347577 -0.1198437793831123 -0.99278019204018564;
0.03203975949459742 -0.99226368080755922 0.11994265947427774];

C_complete(:,18) = [0.11011984098424955;1.9564684850540355;1.2250674812405764];


uid(19) = 1170671630;

pathToPictures{19} = 'flash/C2292399.JPG';

R_complete(:,:,19) = [0.88614283294920149 -0.08879774214035209 0.45482506593583771;
0.1275539561865382 0.99029576492670879 -0.055175050787356614;
-0.44551191664637468 0.10690771234574344 0.88886999790018428];

C_complete(:,19) = [-1.5931955147272314;-0.039053998372531096;0.23352121185575042];


uid(20) = 1260765899;

pathToPictures{20} = 'flash/C2292391.JPG';

R_complete(:,:,20) = [0.99998634013938836 -0.0031526221488545323 -0.0041689936697088502;
0.0031601893648861433 0.99999336893117563 0.0018097781233493663;
0.0041632604782287103 -0.001822928211489764 0.9999896720441297];

C_complete(:,20) = [0.0014577552477036562;1.2981417151435261e-05;-0.0083326500537779444];


uid(21) = 1418563304;

pathToPictures{21} = 'flash/C2292387.JPG';

R_complete(:,:,21) = [0.98541097247858966 -0.0070394118439064263 0.17004605846561696;
0.080722387248450461 0.89894018124250941 -0.43056990924192046;
-0.14983027569790877 0.43801483676763314 0.88639375632712603];

C_complete(:,21) = [0.31377782719253716;0.66478725936088545;-0.0073895682527684234];


uid(22) = 1456886119;

pathToPictures{22} = 'flash/C2292392.JPG';

R_complete(:,:,22) = [0.99931760757466848 0.00049640283381654072 0.036933355865225413;
-0.002255822926719585 0.99886339192166673 0.047611296366157012;
-0.036867742732151203 -0.047662121889078 0.9981828949059719];

C_complete(:,22) = [0.044392408195895863;-0.31922590894699776;-0.17581146134575859];


uid(23) = 1574596760;

pathToPictures{23} = 'flash/C2292375.JPG';

R_complete(:,:,23) = [0.98338762813152514 -0.082122343935171593 0.16187863807323868;
-0.058665152945727855 0.70015545154120973 0.71157623871724318;
-0.17177651954707771 -0.70925190468811439 0.68370648894724873];

C_complete(:,23) = [-0.22982711440214731;-0.55417818479368908;0.41162681459431177];


uid(24) = 1580325281;

pathToPictures{24} = 'flash/C2292390.JPG';

R_complete(:,:,24) = [0.99655989081141028 -0.021103619321064766 0.080143753827116845;
0.04239421387834888 0.96074582638732575 -0.27417182150792102;
-0.071211759250749698 0.27662627194625983 0.95833542719317599];

C_complete(:,24) = [-0.081851759247211692;0.58556582466826435;0.24982922785823425];


uid(25) = 1589659223;

pathToPictures{25} = 'flash/C2292394.JPG';

R_complete(:,:,25) = [0.97972176072324879 -0.13576771400232104 0.14735127892190533;
0.15059472360126666 0.98406036569121713 -0.094585548045809667;
-0.13216088978512244 0.11485784479195156 0.98455125549711875];

C_complete(:,25) = [-0.54042262249770034;0.21512331323186135;-0.063072500708051954];


uid(26) = 1624518672;

pathToPictures{26} = 'flash/C2292373.JPG';

R_complete(:,:,26) = [-0.011411740919303942 0.36683705161985092 0.93021521688695552;
-0.95732038181970491 0.26467629208757609 -0.11612125972166643;
-0.28880349499575875 -0.89183913233588663 0.348160169049545];

C_complete(:,26) = [-1.5312787735650994;0.4748045066608314;1.0826859957887152];


uid(27) = 1674795099;

pathToPictures{27} = 'flash/C2292371.JPG';

R_complete(:,:,27) = [-0.79975776247658759 0.027948255887007334 0.59967192393117452;
-0.572149803175803 -0.33790687687493426 -0.74730418524622066;
0.18174741837047331 -0.94076449632918335 0.28623423687980698];

C_complete(:,27) = [-1.2119955074545996;1.7533406701816527;1.025976556513343];


uid(28) = 1783830644;

pathToPictures{28} = 'flash/C2292370.JPG';

R_complete(:,:,28) = [-0.9151747407314641 -0.37713162267436273 0.14222142280999614;
0.0081506506715002536 -0.37010074599700959 -0.92895586800778018;
0.40297488857338093 -0.84899774851966436 0.34178072237592971];

C_complete(:,28) = [-0.1940611437003612;1.9396052675865159;0.92363897566764452];


uid(29) = 1959458101;

pathToPictures{29} = 'flash/C2292401.JPG';

R_complete(:,:,29) = [0.84203324764241205 0.15801591685357258 0.51576252276187828;
0.15291005102535393 0.84699350367741233 -0.50913703560405521;
-0.51729926170466922 0.50757558525719704 0.68903446872461893];

C_complete(:,29) = [-1.54949040197168;1.1018745558238685;0.055398982577795852];


uid(30) = 1969065844;

pathToPictures{30} = 'flash/C2292359.JPG';

R_complete(:,:,30) = [0.67456345225445624 -0.71748932970500523 -0.17370437715271331;
0.72914630896353227 0.68434041165451742 0.00488478263412781;
0.11536814554896435 -0.12995100128890014 0.98478572707803058];

C_complete(:,30) = [0.41372182593484974;0.099045632310787529;-0.17143377437749918];


uid(31) = 2097877277;

pathToPictures{31} = 'flash/C2292395.JPG';

R_complete(:,:,31) = [0.95946154204296663 -0.065234584583241231 0.27418606513603944;
0.16501456303658929 0.91868846895164513 -0.3588616599765509;
-0.22848138507628143 0.38955865539034568 0.89221091154731458];

C_complete(:,31) = [-0.59464721758878325;0.81249905487677132;0.069307546898949829];


uid(32) = 2122089660;

pathToPictures{32} = 'flash/C2292389.JPG';

R_complete(:,:,32) = [0.99638948970426244 -0.063879988723329173 0.055922552227047631;
0.08328002377195004 0.86344988146719137 -0.49751255243947035;
-0.016505224852239014 0.50037350972548555 0.8656523137597314];

C_complete(:,32) = [-0.053671916467439698;1.1000538761488736;0.2780652998120276];


uid(33) = 2132277949;

pathToPictures{33} = 'flash/C2292398.JPG';

R_complete(:,:,33) = [0.90593877411449664 -0.15757722402423674 0.39299409159011361;
0.11912525362225779 0.98553319009881835 0.12055498813022694;
-0.40630544114662787 -0.062399917327364392 0.91160415686425111];

C_complete(:,33) = [-1.0954262368619025;-0.34118230920252213;-0.088428256468929989];

for i = 1:size(R_complete, 3)
    R(:,:,i) = R_complete(:,:,i)';
    T(:,i) = -R(:,:,i)*C_complete(:,i);
end


save(['data_cam_real.mat' ],'R', 'T', 'C_complete', 'pathToPictures', 'uid', 'K');

